812,4
812,3
812,2
812,1
812,0
811,3
811,2
811,1
811,0
810,6
810,5
810,4
810,3
810,2
810,1
810,0
809,4
809,3
809,2
809,1
809,0
808,3
808,2
808,1
808,0
807,3
807,2
807,1
807,0
806,3
806,2
806,1
806,0
805,5
805,4
805,3
805,2
805,1
805,0
804,4
804,3
804,2
804,1
804,0
803,3
803,2
803,1
803,0
802,3
802,2
802,1
802,0
801,3
801,2
801,1
801,0
800,3
800,2
800,1
800,0
799,3
799,2
799,1
799,0
798,3
798,2
798,1
798,0
797,5
797,4
797,3
797,2
797,1
797,0
796,4
796,3
796,2
796,1
796,0
795,3
795,2
795,1
795,0
794,5
794,4
794,3
794,2
794,1
794,0
793,4
793,3
793,2
793,1
793,0
792,3
792,2
792,1
792,0
791,3
791,2
791,1
791,0
790,3
790,2
790,1
790,0
789,4
789,3
789,2
789,1
789,0
788,4
788,3
788,2
788,1
788,0
787,6
787,5
787,4
787,3
787,2
787,1
787,0
786,6
786,5
786,4
786,3
786,2
786,1
786,0
785,6
785,5
785,4
785,3
785,2
785,1
785,0
784,4
784,3
784,2
784,1
784,0
783,3
783,2
783,1
783,0
782,3
782,2
782,1
782,0
781,4
781,3
781,2
781,1
781,0
780,4
780,3
780,2
780,1
780,0
779,4
779,3
779,2
779,1
779,0
778,4
778,3
778,2
778,1
778,0
777,4
777,3
777,2
777,1
777,0
776,4
776,3
776,2
776,1
776,0
775,4
775,3
775,2
775,1
775,0
774,3
774,2
774,1
774,0
773,4
773,3
773,2
773,1
773,0
772,3
772,2
772,1
772,0
771,3
771,2
771,1
771,0
770,5
770,4
770,3
770,2
770,1
770,0
769,3
769,2
769,1
769,0
768,4
768,3
768,2
768,1
768,0
767,3
767,2
767,1
767,0
766,4
766,3
766,2
766,1
766,0
765,3
765,2
765,1
765,0
764,6
764,5
764,4
764,3
764,2
764,1
764,0
763,4
763,3
763,2
763,1
763,0
762,3
762,2
762,1
762,0
761,3
761,2
761,1
761,0
760,3
760,2
760,1
760,0
759,5
759,4
759,3
759,2
759,1
759,0
758,4
758,3
758,2
758,1
758,0
757,3
757,2
757,1
757,0
756,3
756,2
756,1
756,0
755,3
755,2
755,1
755,0
754,3
754,2
754,1
754,0
753,3
753,2
753,1
753,0
752,3
752,2
752,1
752,0
751,5
751,4
751,3
751,2
751,1
751,0
750,4
750,3
750,2
750,1
750,0
749,3
749,2
749,1
749,0
748,5
748,4
748,3
748,2
748,1
748,0
747,4
747,3
747,2
747,1
747,0
746,3
746,2
746,1
746,0
745,3
745,2
745,1
745,0
744,3
744,2
744,1
744,0
743,4
743,3
743,2
743,1
743,0
742,4
742,3
742,2
742,1
742,0
741,6
741,5
741,4
741,3
741,2
741,1
741,0
740,6
740,5
740,4
740,3
740,2
740,1
740,0
739,6
739,5
739,4
739,3
739,2
739,1
739,0
738,4
738,3
738,2
738,1
738,0
737,3
737,2
737,1
737,0
736,3
736,2
736,1
736,0
735,4
735,3
735,2
735,1
735,0
734,4
734,3
734,2
734,1
734,0
733,4
733,3
733,2
733,1
733,0
732,4
732,3
732,2
732,1
732,0
731,4
731,3
731,2
731,1
731,0
730,4
730,3
730,2
730,1
730,0
729,4
729,3
729,2
729,1
729,0
728,3
728,2
728,1
728,0
727,4
727,3
727,2
727,1
727,0
726,3
726,2
726,1
726,0
725,3
725,2
725,1
725,0
724,5
724,4
724,3
724,2
724,1
724,0
723,3
723,2
723,1
723,0
722,4
722,3
722,2
722,1
722,0
721,3
721,2
721,1
721,0
720,4
720,3
720,2
720,1
720,0
719,3
719,2
719,1
719,0
718,6
718,5
718,4
718,3
718,2
718,1
718,0
717,4
717,3
717,2
717,1
717,0
716,3
716,2
716,1
716,0
715,3
715,2
715,1
715,0
714,3
714,2
714,1
714,0
713,5
713,4
713,3
713,2
713,1
713,0
712,4
712,3
712,2
712,1
712,0
711,3
711,2
711,1
711,0
710,3
710,2
710,1
710,0
709,3
709,2
709,1
709,0
708,3
708,2
708,1
708,0
707,3
707,2
707,1
707,0
706,3
706,2
706,1
706,0
705,5
705,4
705,3
705,2
705,1
705,0
704,4
704,3
704,2
704,1
704,0
703,3
703,2
703,1
703,0
702,5
702,4
702,3
702,2
702,1
702,0
701,4
701,3
701,2
701,1
701,0
700,3
700,2
700,1
700,0
699,3
699,2
699,1
699,0
698,3
698,2
698,1
698,0
697,4
697,3
697,2
697,1
697,0
696,4
696,3
696,2
696,1
696,0
695,6
695,5
695,4
695,3
695,2
695,1
695,0
694,6
694,5
694,4
694,3
694,2
694,1
694,0
693,6
693,5
693,4
693,3
693,2
693,1
693,0
692,4
692,3
692,2
692,1
692,0
691,3
691,2
691,1
691,0
690,3
690,2
690,1
690,0
689,4
689,3
689,2
689,1
689,0
688,4
688,3
688,2
688,1
688,0
687,4
687,3
687,2
687,1
687,0
686,4
686,3
686,2
686,1
686,0
685,4
685,3
685,2
685,1
685,0
684,4
684,3
684,2
684,1
684,0
683,4
683,3
683,2
683,1
683,0
682,3
682,2
682,1
682,0
681,4
681,3
681,2
681,1
681,0
680,3
680,2
680,1
680,0
679,3
679,2
679,1
679,0
678,5
678,4
678,3
678,2
678,1
678,0
677,3
677,2
677,1
677,0
676,4
676,3
676,2
676,1
676,0
675,3
675,2
675,1
675,0
633,4
674,4
674,3
674,2
674,1
674,0
673,3
673,2
673,1
673,0
672,6
672,5
672,4
672,3
672,2
672,1
672,0
671,4
671,3
671,2
671,1
671,0
670,3
670,2
670,1
670,0
669,3
669,2
669,1
669,0
668,3
668,2
668,1
668,0
667,5
667,4
667,3
667,2
667,1
667,0
666,4
666,3
666,2
666,1
666,0
665,3
665,2
665,1
665,0
664,3
664,2
664,1
664,0
663,3
663,2
663,1
663,0
662,3
662,2
662,1
662,0
661,3
661,2
661,1
661,0
660,3
660,2
660,1
660,0
659,5
659,4
659,3
659,2
659,1
659,0
658,4
658,3
658,2
658,1
658,0
657,3
657,2
657,1
657,0
656,5
656,4
656,3
656,2
656,1
656,0
655,4
655,3
655,2
655,1
655,0
654,3
654,2
654,1
654,0
653,3
653,2
653,1
653,0
652,3
652,2
652,1
652,0
651,4
651,3
651,2
651,1
651,0
650,4
650,3
650,2
650,1
650,0
649,6
649,5
649,4
649,3
649,2
649,1
649,0
648,6
648,5
648,4
648,3
648,2
648,1
648,0
647,6
647,5
647,4
647,3
647,2
647,1
647,0
646,4
646,3
646,2
646,1
646,0
645,3
645,2
645,1
645,0
644,3
644,2
644,1
644,0
643,4
643,3
643,2
643,1
643,0
642,4
642,3
642,2
642,1
642,0
641,4
641,3
641,2
641,1
641,0
640,4
640,3
640,2
640,1
640,0
639,4
639,3
639,2
639,1
639,0
638,4
638,3
638,2
638,1
638,0
637,4
637,3
637,2
637,1
637,0
636,3
636,2
636,1
636,0
635,4
635,3
635,2
635,1
635,0
634,3
634,2
634,1
634,0
633,3
633,2
633,1
633,0
632,5
632,4
632,3
632,2
632,1
632,0
631,3
631,2
631,1
631,0
630,4
630,3
630,2
630,1
630,0
629,3
629,2
629,1
629,0
587,4
628,4
628,3
628,2
628,1
628,0
627,3
627,2
627,1
627,0
626,6
626,5
626,4
626,3
626,2
626,1
626,0
625,4
625,3
625,2
625,1
625,0
624,3
624,2
624,1
624,0
623,3
623,2
623,1
623,0
622,3
622,2
622,1
622,0
621,5
621,4
621,3
621,2
621,1
621,0
620,4
620,3
620,2
620,1
620,0
619,3
619,2
619,1
619,0
618,3
618,2
618,1
618,0
617,3
617,2
617,1
617,0
616,3
616,2
616,1
616,0
615,3
615,2
615,1
615,0
614,3
614,2
614,1
614,0
613,5
613,4
613,3
613,2
613,1
613,0
612,4
612,3
612,2
612,1
612,0
611,3
611,2
611,1
611,0
610,5
610,4
610,3
610,2
610,1
610,0
609,4
609,3
609,2
609,1
609,0
608,3
608,2
608,1
608,0
607,3
607,2
607,1
607,0
606,3
606,2
606,1
606,0
605,4
605,3
605,2
605,1
605,0
604,4
604,3
604,2
604,1
604,0
603,6
603,5
603,4
603,3
603,2
603,1
603,0
602,6
602,5
602,4
602,3
602,2
602,1
602,0
601,6
601,5
601,4
601,3
601,2
601,1
601,0
600,4
600,3
600,2
600,1
600,0
599,3
599,2
599,1
599,0
598,3
598,2
598,1
598,0
597,4
597,3
597,2
597,1
597,0
596,4
596,3
596,2
596,1
596,0
595,4
595,3
595,2
595,1
595,0
594,4
594,3
594,2
594,1
594,0
593,4
593,3
593,2
593,1
593,0
592,4
592,3
592,2
592,1
592,0
591,4
591,3
591,2
591,1
591,0
590,3
590,2
590,1
590,0
589,4
589,3
589,2
589,1
589,0
588,3
588,2
588,1
588,0
587,3
587,2
587,1
587,0
586,5
586,4
586,3
586,2
586,1
586,0
585,3
585,2
585,1
585,0
584,4
584,3
584,2
584,1
584,0
583,3
583,2
583,1
583,0
541,4
582,4
582,3
582,2
582,1
582,0
581,3
581,2
581,1
581,0
580,6
580,5
580,4
580,3
580,2
580,1
580,0
579,4
579,3
579,2
579,1
579,0
578,3
578,2
578,1
578,0
577,3
577,2
577,1
577,0
576,3
576,2
576,1
576,0
575,5
575,4
575,3
575,2
575,1
575,0
574,4
574,3
574,2
574,1
574,0
573,3
573,2
573,1
573,0
572,3
572,2
572,1
572,0
571,3
571,2
571,1
571,0
570,3
570,2
570,1
570,0
569,3
569,2
569,1
569,0
568,3
568,2
568,1
568,0
567,5
567,4
567,3
567,2
567,1
567,0
566,4
566,3
566,2
566,1
566,0
565,3
565,2
565,1
565,0
564,5
564,4
564,3
564,2
564,1
564,0
563,4
563,3
563,2
563,1
563,0
562,3
562,2
562,1
562,0
561,3
561,2
561,1
561,0
560,3
560,2
560,1
560,0
559,4
559,3
559,2
559,1
559,0
558,4
558,3
558,2
558,1
558,0
557,6
557,5
557,4
557,3
557,2
557,1
557,0
556,6
556,5
556,4
556,3
556,2
556,1
556,0
555,6
555,5
555,4
555,3
555,2
555,1
555,0
554,4
554,3
554,2
554,1
554,0
553,3
553,2
553,1
553,0
552,3
552,2
552,1
552,0
551,4
551,3
551,2
551,1
551,0
550,4
550,3
550,2
550,1
550,0
549,4
549,3
549,2
549,1
549,0
548,4
548,3
548,2
548,1
548,0
547,4
547,3
547,2
547,1
547,0
546,4
546,3
546,2
546,1
546,0
545,4
545,3
545,2
545,1
545,0
544,3
544,2
544,1
544,0
543,4
543,3
543,2
543,1
543,0
542,3
542,2
542,1
542,0
541,3
541,2
541,1
541,0
540,5
540,4
540,3
540,2
540,1
540,0
539,3
539,2
539,1
539,0
538,4
538,3
538,2
538,1
538,0
537,3
537,2
537,1
537,0
536,4
536,3
536,2
536,1
536,0
535,3
535,2
535,1
535,0
534,6
534,5
534,4
534,3
534,2
534,1
534,0
533,4
533,3
533,2
533,1
533,0
532,3
532,2
532,1
532,0
531,3
531,2
531,1
531,0
530,3
530,2
530,1
530,0
529,5
529,4
529,3
529,2
529,1
529,0
528,4
528,3
528,2
528,1
528,0
527,3
527,2
527,1
527,0
526,3
526,2
526,1
526,0
525,3
525,2
525,1
525,0
524,3
524,2
524,1
524,0
523,3
523,2
523,1
523,0
522,3
522,2
522,1
522,0
521,5
521,4
521,3
521,2
521,1
521,0
520,4
520,3
520,2
520,1
520,0
519,3
519,2
519,1
519,0
518,5
518,4
518,3
518,2
518,1
518,0
517,4
517,3
517,2
517,1
517,0
516,3
516,2
516,1
516,0
515,3
515,2
515,1
515,0
514,3
514,2
514,1
514,0
513,4
513,3
513,2
513,1
513,0
512,4
512,3
512,2
512,1
512,0
511,6
511,5
511,4
511,3
511,2
511,1
511,0
510,6
510,5
510,4
510,3
510,2
510,1
510,0
509,6
509,5
509,4
509,3
509,2
509,1
509,0
508,4
508,3
508,2
508,1
508,0
507,3
507,2
507,1
507,0
506,3
506,2
506,1
506,0
505,4
505,3
505,2
505,1
505,0
504,4
504,3
504,2
504,1
504,0
503,4
503,3
503,2
503,1
503,0
502,4
502,3
502,2
502,1
502,0
501,4
501,3
501,2
501,1
501,0
500,4
500,3
500,2
500,1
500,0
499,4
499,3
499,2
499,1
499,0
498,3
498,2
498,1
498,0
497,4
497,3
497,2
497,1
497,0
496,3
496,2
496,1
496,0
495,3
495,2
495,1
495,0
494,5
494,4
494,3
494,2
494,1
494,0
493,3
493,2
493,1
493,0
492,4
492,3
492,2
492,1
492,0
491,3
491,2
491,1
491,0
449,4
490,4
490,3
490,2
490,1
490,0
489,3
489,2
489,1
489,0
488,6
488,5
488,4
488,3
488,2
488,1
488,0
487,4
487,3
487,2
487,1
487,0
486,3
486,2
486,1
486,0
485,3
485,2
485,1
485,0
484,3
484,2
484,1
484,0
483,5
483,4
483,3
483,2
483,1
483,0
482,4
482,3
482,2
482,1
482,0
481,3
481,2
481,1
481,0
480,3
480,2
480,1
480,0
479,3
479,2
479,1
479,0
478,3
478,2
478,1
478,0
477,3
477,2
477,1
477,0
476,3
476,2
476,1
476,0
475,5
475,4
475,3
475,2
475,1
475,0
474,4
474,3
474,2
474,1
474,0
473,3
473,2
473,1
473,0
472,5
472,4
472,3
472,2
472,1
472,0
471,4
471,3
471,2
471,1
471,0
470,3
470,2
470,1
470,0
469,3
469,2
469,1
469,0
468,3
468,2
468,1
468,0
467,4
467,3
467,2
467,1
467,0
466,4
466,3
466,2
466,1
466,0
465,6
465,5
465,4
465,3
465,2
465,1
465,0
464,6
464,5
464,4
464,3
464,2
464,1
464,0
463,6
463,5
463,4
463,3
463,2
463,1
463,0
462,4
462,3
462,2
462,1
462,0
461,3
461,2
461,1
461,0
460,3
460,2
460,1
460,0
459,4
459,3
459,2
459,1
459,0
458,4
458,3
458,2
458,1
458,0
457,4
457,3
457,2
457,1
457,0
456,4
456,3
456,2
456,1
456,0
455,4
455,3
455,2
455,1
455,0
454,4
454,3
454,2
454,1
454,0
453,4
453,3
453,2
453,1
453,0
452,3
452,2
452,1
452,0
451,4
451,3
451,2
451,1
451,0
450,3
450,2
450,1
450,0
449,3
449,2
449,1
449,0
448,5
448,4
448,3
448,2
448,1
448,0
447,3
447,2
447,1
447,0
446,4
446,3
446,2
446,1
446,0
445,3
445,2
445,1
445,0
444,4
444,3
444,2
444,1
444,0
443,3
443,2
443,1
443,0
442,6
442,5
442,4
442,3
442,2
442,1
442,0
441,4
441,3
441,2
441,1
441,0
440,3
440,2
440,1
440,0
439,3
439,2
439,1
439,0
438,3
438,2
438,1
438,0
437,5
437,4
437,3
437,2
437,1
437,0
436,4
436,3
436,2
436,1
436,0
435,3
435,2
435,1
435,0
434,3
434,2
434,1
434,0
433,3
433,2
433,1
433,0
432,3
432,2
432,1
432,0
431,3
431,2
431,1
431,0
430,3
430,2
430,1
430,0
429,5
429,4
429,3
429,2
429,1
429,0
428,4
428,3
428,2
428,1
428,0
427,3
427,2
427,1
427,0
426,5
426,4
426,3
426,2
426,1
426,0
425,4
425,3
425,2
425,1
425,0
424,3
424,2
424,1
424,0
423,3
423,2
423,1
423,0
422,3
422,2
422,1
422,0
421,4
421,3
421,2
421,1
421,0
420,4
420,3
420,2
420,1
420,0
419,6
419,5
419,4
419,3
419,2
419,1
419,0
418,6
418,5
418,4
418,3
418,2
418,1
418,0
417,6
417,5
417,4
417,3
417,2
417,1
417,0
416,4
416,3
416,2
416,1
416,0
415,3
415,2
415,1
415,0
414,3
414,2
414,1
414,0
413,4
413,3
413,2
413,1
413,0
412,4
412,3
412,2
412,1
412,0
411,4
411,3
411,2
411,1
411,0
410,4
410,3
410,2
410,1
410,0
409,4
409,3
409,2
409,1
409,0
408,4
408,3
408,2
408,1
408,0
407,4
407,3
407,2
407,1
407,0
406,3
406,2
406,1
406,0
405,4
405,3
405,2
405,1
405,0
404,3
404,2
404,1
404,0
403,3
403,2
403,1
403,0
402,5
402,4
402,3
402,2
402,1
402,0
401,3
401,2
401,1
401,0
400,4
400,3
400,2
400,1
400,0
399,3
399,2
399,1
399,0
0,310
0,305
0,308
0,307
0,302
0,304
0,303
0,12
0,10
0,8
0,0
0,415
0,500
0,300
0,412
0,299
0,556
0,446
0,298
0,567
0,411
0,297
0,430
0,410
0,296
0,499
0,409
0,295
0,529
0,497
0,294
0,329
0,407
0,293
0,528
0,563
0,292
0,548
0,420
0,291
0,495
0,404
0,290
0,555
0,289
0,547
0,492
0,288
0,491
0,403
0,287
0,489
0,402
0,286
0,561
0,401
0,285
0,527
0,572
0,284
0,526
0,516
0,283
0,525
0,490
0,282
0,554
0,281
0,524
0,493
0,280
0,405
0,394
0,279
0,393
0,397
0,278
0,391
0,545
0,277
0,486
0,388
0,276
0,553
0,462
0,275
0,443
0,387
0,274
0,544
0,386
0,273
0,396
0,385
0,272
0,482
0,460
0,271
0,487
0,384
0,270
0,523
0,502
0,269
0,542
0,541
0,268
0,360
0,381
0,267
0,522
0,485
0,266
0,564
0,477
0,265
0,476
0,380
0,264
0,431
0,379
0,263
0,474
0,378
0,262
0,475
0,496
0,261
0,427
0,377
0,260
0,521
0,383
0,259
0,473
0,560
0,258
0,456
0,374
0,257
0,520
0,517
0,256
0,540
0,255
0,373
0,254
0,513
0,372
0,253
0,471
0,371
0,252
0,566
0,559
0,251
0,434
0,370
0,250
0,466
0,249
0,518
0,382
0,248
0,376
0,367
0,247
0,539
0,512
0,246
0,515
0,470
0,245
0,455
0,366
0,244
0,469
0,365
0,242
0,484
0,364
0,241
1,0
1,3
345,0
345,1
345,4
0,243
0,322
0,369
0,408
0,428
0,454
0,457
0,463
0,464
0,481
0,498
0,503
0,552
0,558
0,570
0,574
2,2
2,6
2,7
2,9
3,0
3,3
342,1
342,2
344,0
344,1
344,3
345,2
346,1
346,3
346,4
347,0
347,1
347,3
348,1
348,2
348,4
349,0
349,2
350,0
350,1
350,3
350,4
351,1
351,2
351,4
352,1
352,2
352,4
354,0
354,2
354,4
356,0
356,2
356,3
359,0
359,1
359,3
362,0
362,1
362,3
362,4
362,6
362,8
362,9
362,11
362,12
364,1
364,2
364,4
365,1
365,2
368,0
368,1
368,3
369,1
369,2
372,0
372,1
372,3
372,5
373,0
373,2
373,3
379,1
379,2
379,4
380,0
380,1
380,3
382,0
382,2
383,0
383,1
383,3
384,0
384,2
384,3
387,1
387,3
387,4
390,0
390,1
390,3
391,0
391,1
391,3
391,4
391,6
391,7
394,0
394,2
394,3
394,5
394,6
396,1
396,3
396,4
398,1
398,2
398,4
398,3
398,0
396,2
396,0
394,4
394,1
391,8
391,5
391,2
390,4
390,2
387,5
387,2
387,0
384,1
383,2
382,3
382,1
380,2
379,5
379,3
379,0
373,1
372,4
372,2
369,3
369,0
368,2
365,3
365,0
364,3
364,0
362,10
362,7
362,5
362,2
359,4
359,2
356,4
356,1
354,3
354,1
352,3
352,0
351,3
351,0
350,2
349,3
349,1
348,3
348,0
347,2
346,5
346,2
346,0
344,2
342,3
342,0
3,1
2,8
2,4
0,575
0,568
0,550
0,494
0,479
0,461
0,444
0,418
0,333
345,5
345,3
1,1
2,1
2,5
2,3
2,0
0,9
0,350
0,363
0,240
0,514
0,368
0,239
0,417
0,362
0,238
0,459
0,237
0,538
0,429
0,236
0,447
0,359
0,235
0,536
0,414
0,234
0,440
0,458
0,233
0,483
0,358
0,232
0,557
0,357
0,231
0,480
0,356
0,230
0,450
0,355
0,229
0,421
0,354
0,228
0,511
0,353
0,227
0,509
0,400
0,226
0,549
0,352
0,225
0,453
0,361
0,224
0,508
0,433
0,223
0,392
0,349
0,222
0,452
0,221
0,507
0,432
0,220
0,413
0,348
0,219
0,351
0,347
0,218
0,448
0,346
0,217
0,506
0,451
0,216
0,449
0,215
0,543
0,343
0,214
0,468
0,342
0,213
0,344
0,341
0,212
0,389
0,340
0,211
0,319
0,339
0,210
0,435
0,338
0,209
0,334
0,337
0,208
0,398
0,336
0,207
0,445
0,467
0,206
0,419
0,335
0,205
0,442
0,395
0,204
0,441
0,505
0,203
0,465
0,332
0,202
0,488
0,438
0,201
0,531
0,537
0,200
0,399
0,331
0,199
0,437
0,535
0,198
0,436
0,390
0,197
0,328
0,196
0,562
0,318
0,195
0,530
0,439
0,194
0,345
0,327
0,193
0,510
0,326
0,192
0,573
0,325
0,63
0,534
0,324
0,62
0,571
0,323
0,61
0,330
0,321
0,60
0,426
0,59
0,532
0,320
0,58
0,425
0,375
0,57
0,424
0,501
0,56
0,551
0,317
0,55
0,565
0,504
0,54
0,533
0,423
0,53
0,546
0,316
0,52
0,478
0,315
0,51
0,519
0,314
0,50
0,416
0,313
0,49
0,472
0,312
0,48
0,311
0,47
0,406
0,309
0,46
0,569
0,306
0,45
0,422
0,301
0,6
0,5
0,1
0,11
0,4
0,2
0,3
0,7
